31 44
46 18
12 57
13 40
52 32
76 63
97 75
67 21
27 28
57 45
20 92
19 37
46 32
84 0
96 26
58 10
95 48
18 90
23 45
1 40
61 76
47 0
24 36
72 3
13 54
22 50
33 78
54 64
49 65
12 5
9 34
30 65
70 8
54 62
87 93
79 91
79 63
42 65
24 24
65 20
47 10
77 72
20 45
14 3
15 61
83 44
29 61
69 72
65 26
20 4
42 92
61 62
57 55
4 59
97 58
91 72
7 26
96 44
29 89
87 81
19 98
83 89
4 50
18 5
23 73
97 33
42 47
11 12
20 69
87 8
67 51
8 6
9 49
20 36
36 19
25 71
82 38
48 23
66 73
29 17
97 13
61 94
5 13
31 91
44 77
21 98
82 74
86 14
48 86
33 50
9 55
73 96
7 43
60 41
91 91
3 63
83 61
76 26
57 15
75 28
